
redshift

redshift
min
0.0025
0
0
0
0
0
0
0
0

redshift
value
0.003442097
6.1823
5.0553
6.74029
9.1688
1.592
4.73
0.01004526
6.225266

redshift
6.225266

redshift
6.225266
8.479625
12.21944
5.090433
6.694152
6.73306
6.787134
1.948971
1.87057
9.232521
9.293844
9.379032
1.603064
1.867388
1.79227
4.762872
6.986605
6.497234

redshift
6.1823
8.4211
12.1351
5.0553
6.64795
6.68659
6.74029
1.8545
1.7799
9.1688
9.2297
9.3143
1.592
1.8545
1.7799
4.73
6.64795
6.1823

redshift

redshift
1.350e-04
7.570e-05
5.671e-05
9.299e-05
1.169e-04
4.064e-05
2.174e-05
4.364e-04
7.772e-04
6.284e-05
-1.606e-05
1.219e-05
1.474e-04
-2.060e-04
1.214e-04
9.957e-05
2.160e-05
6.181e-05

redshift
1.293e-05
1.262e-05
3.981e-05
1.856e-05
1.733e-05
1.478e-05
9.540e-06
4.136e-05
2.666e-04
2.080e-05
1.761e-05
1.300e-05
5.747e-05
2.569e-04
3.539e-05
1.811e-05
9.620e-06
1.128e-05
