0.0001953477 0.0002093213 0.0001816885 0.0002132997 0.0002129926
8.070485e-05 9.722996e-05 7.379159e-05 5.533479e-05 7.42718e-05
0.0001081967 9.122088e-05 8.407732e-05 7.374446e-05 8.21608e-05
1.038041e-05 1.795798e-05 1.787087e-05 2.188877e-05 1.370373e-05
1.630129e-05 4.944435e-05 4.133396e-05 5.132219e-05 5.211237e-05
9.152973e-05 9.761647e-05 9.000698e-05 6.269798e-05 0.0001347571
0.0002589697 0.0002369767 0.0002635255 0.0002554855 0.0001451571
0.001026132 0.0008224793 0.0007689837 0.0008173814 0.0008333993
0.0002451663 0.0002559987 0.0002975289 0.0002206411 0.0003086422
3.047942e-05 3.505377e-05 6.446505e-06 5.745678e-05 7.023839e-05
1.607879e-06 -2.071569e-05 1.417067e-05 -2.604159e-05 -5.605822e-05
4.382468e-05 2.584576e-05 -3.449051e-06 4.019557e-05 4.592911e-05
0.0001567437 0.0001333559 0.0001191925 0.0001415489 0.0001474191
3.4199e-05 -6.182377e-07 -3.62957e-05 4.392368e-05 4.583201e-07
-6.881935e-05 -4.983215e-05 1.030425e-05 -0.0001021545 -8.00107e-05
5.898873e-05 4.465996e-05 2.429657e-05 0.0001004292 9.137724e-05
7.490763e-05 7.39148e-05 4.134544e-05 7.134898e-05 5.978347e-05
