6.406382
8.726329
6.88891
6.928951
6.984597
5.238533
1.649703
1.921718
1.844414
9.50113
9.564238
9.651904
4.901442
7.185847
7.227614
7.285659
6.682521
6.400339
8.718098
6.882412
6.922415
6.978009
5.233592
1.648147
1.919905
1.842674
9.492168
9.555216
9.642799
4.896819
7.189345
7.231132
7.289205
6.685774
6.400427
8.718218
6.882506
6.92251
6.978104
5.233664
1.64817
1.919931
1.842699
9.492298
9.555347
9.642932
4.896886
7.189102
7.230887
7.288959
6.685547
6.400808
8.718736
6.882916
6.922921
6.978519
5.233975
1.648268
1.920046
1.842809
9.492863
9.555915
9.643505
4.897177
7.202428
7.244291
7.30247
6.69794
6.396571
8.712965
6.87836
6.918339
6.9739
5.230511
1.647177
1.918775
1.841589
9.48658
9.54959
9.637123
4.893936
7.218701
7.260659
7.318969
6.713073
