6.406382 6.400339 6.400427 6.400808 6.396571
8.726329 8.718098 8.718218 8.718736 8.712965
6.88891 6.882412 6.882506 6.882916 6.87836
6.928951 6.922415 6.92251 6.922921 6.918339
6.984597 6.978009 6.978104 6.978519 6.9739
5.238533 5.233592 5.233664 5.233975 5.230511
1.649703 1.648147 1.64817 1.648268 1.647177
1.921718 1.919905 1.919931 1.920046 1.918775
1.844414 1.842674 1.842699 1.842809 1.841589
9.50113 9.492168 9.492298 9.492863 9.48658
9.564238 9.555216 9.555347 9.555915 9.54959
9.651904 9.642799 9.642932 9.643505 9.637123
4.901442 4.896819 4.896886 4.897177 4.893936
7.185847 7.189345 7.189102 7.202428 7.218701
7.227614 7.231132 7.230887 7.244291 7.260659
7.285659 7.289205 7.288959 7.30247 7.318969
6.682521 6.685774 6.685547 6.69794 6.713073
