   1.647    0.002    260.9     51.4
   1.845    0.002    234.5     35.9
   1.916    0.001    441.3     47.3
   1.928    0.001    458.2     45.0
   4.901    0.003    141.9     19.0
   5.052    0.009     28.5      9.2
   5.222    0.001     72.0     17.3
   5.409    0.009     33.7     16.0
   6.398    0.002    231.7     13.8
   6.691    0.005     65.9     10.8
   6.859    0.010     20.0      0.0
   6.889    0.003    100.1     10.7
   6.970    0.001     60.4      9.5
   7.231    0.000     12.6      0.0
   8.711    0.008    122.8     14.8
