   1.653    0.003    243.7     53.1
   1.846    0.001    281.4     37.2
   1.918    0.001    629.5     51.9
   1.934    0.001    524.3     48.5
   4.898    0.002    169.4     18.2
   5.140    0.005     32.6     11.2
   5.222    0.001     78.8     16.9
   5.404    0.014     17.1      9.6
   6.405    0.002    212.8     14.4
   6.688    0.010     57.5      7.1
   6.846    0.017     20.0      1.6
   6.887    0.003     98.5      8.7
   6.919    0.004     50.1      0.0
   7.151    0.000     12.5      0.0
   8.708    0.008    103.6     13.7
