   1.655    0.002    230.0     48.9
   1.847    0.002    205.8     31.4
   1.918    0.001    640.8     47.3
   1.937    0.001    333.1     38.3
   4.901    0.003    152.4     21.3
   5.030    0.008     25.0      3.9
   5.218    0.005    103.4     18.7
   5.386    0.008     64.3     16.9
   6.397    0.001    226.2     13.5
   6.700    0.005     61.9     10.1
   6.879    0.002     65.9      9.2
   6.942    0.005     45.7      9.4
   6.990    0.009     50.0      0.0
   7.198    0.011     12.5      1.0
   8.709    0.007     66.6     11.5
