   0    1.6491   0.0020   0.0002744  0.0000535      0.0      0.0
   1    1.8423   0.0013   0.0002909  0.0000377      0.0      0.0
   2    1.9200   0.0001   0.0006943  0.0000456      0.0      0.0
   0    4.8959   0.0029   0.0001631  0.0000201      0.0      0.0
   1    5.0602   0.0132   0.0000250  0.0000062      0.0      0.0
   2    5.2220   0.0000   0.0001404  0.0000207      0.0      0.0
   3    5.4199   0.0000   0.0000162  0.0000000      0.0      0.0
   0    6.3993   0.0013   0.0001995  0.0000129      0.0      0.0
   1    6.6745   0.0034   0.0000554  0.0000067      0.0      0.0
   2    6.8593   0.0017   0.0000200  0.0000022      0.0      0.0
   3    6.8870   0.0027   0.0000905  0.0000099      0.0      0.0
   4    6.9697   0.0005   0.0000505  0.0000044      0.0      0.0
   5    7.3313   0.0015   0.0000296  0.0000087      0.0      0.0
   0    8.7120   0.0066   0.0000699  0.0000114      0.0      0.0
