   1.645    0.003    172.2     49.2
   1.843    0.001    321.7     40.0
   1.916    0.001    580.6     49.1
   1.934    0.002    350.1     46.7
   4.890    0.004    203.0     24.4
   5.037    0.017     53.0     19.4
   5.213    0.006    202.4     23.6
   5.401    0.020     24.3     16.3
   6.397    0.002    225.6     14.3
   6.685    0.008     62.6     11.1
   6.909    0.003     37.6     10.8
   6.873    0.003     84.3     10.1
   6.989    0.007     50.9      5.5
   7.214    0.015     12.5      0.9
   8.704    0.006     74.2     11.7
