   0    1.6082   0.0029   0.0002079  0.0000593      0.0      0.0
   1    1.7985   0.0024   0.0001926  0.0000386      0.0      0.0
   2    1.8651   0.0017   0.0003422  0.0000491      0.0      0.0
   3    1.8760   0.0013   0.0004021  0.0000484      0.0      0.0
   4    1.9460   0.0015   0.0005262  0.0000420      0.0      0.0
   0    4.7688   0.0025   0.0001055  0.0000170      0.0      0.0
   1    4.9605   0.0039   0.0000429  0.0000101      0.0      0.0
   2    5.0849   0.0040   0.0000738  0.0000155      0.0      0.0
   3    5.3113   0.0103   0.0000466  0.0000169      0.0      0.0
   0    6.2273   0.0019   0.0001500  0.0000051      0.0      0.0
   1    6.5013   0.0036   0.0000651  0.0000099      0.0      0.0
   2    6.6754   0.0045   0.0000599  0.0000104      0.0      0.0
   3    6.7102   0.0039   0.0000783  0.0000121      0.0      0.0
   4    6.7609   0.0020   0.0000502  0.0000000      0.0      0.0
   5    7.0036   0.0059   0.0000375  0.0000086      0.0      0.0
   0    8.4724   0.0046   0.0000922  0.0000114      0.0      0.0
   1    9.1875   0.0122   0.0000862  0.0000150      0.0      0.0
   2    9.3206   0.0316   0.0000192  0.0000000      0.0      0.0
   3    9.3514   0.0356   0.0000125  0.0000000      0.0      0.0
